464933698
464933686
534558095
534557539
5112314786
5112312580
534686716
5111716407
534560493
5112308540
5112318632
5111717851
1612570319
2477164498
1704882109
2423038196
3996848406
3996090745
3996832622
3996090229
3996837658
3716938292
3716915956
3716935310
3716933654
3960138474
3716100981
3716916510
3716098695
3996831686
4005819372
3996092585
3716118641
3960136216
3996853014
3716933826
3960176752
3973159374
3716110471
3716122937
3996084865
3716924560
3996081797
4005689064
3996836266
2884796969
2572609052
2572630744
2423014294
2477236862
2572636536
2572626746
2477224230
3057661597
2572024527
2638712106
2571809193
2884794625
3058500286
2422202527
4579660116
4579654674
4616865784
3716929094
3996078027
3716913040
3716917232
3996847586
3716937644
3716124975
3996093737
615217064
3996088089
4579027877
4579661324
4579033213
4579023733
4579035267
4662019955
4579650546
4579665556
4579037759
4579659338
4579019001
4616249973
4579034247
4579024907
4579649080
4579651714
4579029175
4579027069
4776581241
4901013977
4777211730
4776580945
4900997067
4900995689
4901018485
4903388107
4901000689
5112310934
5112317208
4901020233
4900997425
4901586140
4777212334
5253787324
5253779052
5253776438
5253781492
5253789306
5253783012
5253786052
5602049891
5253176821
5253180755
5253179141
5955374213
6237183392
6236658321
6237183124
6162187440
6139706466
6161652459
6236655449
5955952202
5955959356
5955401593
5955384647
6162186904
6184445318
6162179100
6183934969
6183926191
6162178898
6183938125
6139176739
6183925993
6184446896
6183941071
6184454182
6184447728
6184443734
6162175134
6162179350
6237179420
6184456008
6139155383
6183929657
6162175040
6162175290
6139730900
6139176589
6162186438
6237180500
6236659303
6237178474
770814385
7007864243
7340613090
3106119032
6964371328
899586744
7340603840
6861746604
7007864871
6861751056
7155403667
6861747578
7155405133
7340609374
8277294968
8587825489
8588928760
7155399929
7155412451
7340601114
8277292138
8277297170
8588923618
8694806699
8695926748
8276240037
8276231145
8588929688
8588930260
8587824975
8587828601
8694806553
8694806105
8276228519
8588930952
8695926878
20485661288
300245080
